# T-0103 段 2/3/4 · mesh 0x19258（白晕/黑幕共用同一个 handle）的逐帧 α —— 证明淡入淡出在模型上是**逐帧平滑**的

来源：record 轨迹 `.tmp/flash/t0103-switch.jsonl.gz`（scenario `tools/scenarios/t0103-save78.json`：载入槽 078 → 点一下推进 → 录到切章结束）。
只列 **α 变化点**（同值连续帧折叠）；rgb 一列用来区分「白晕」(ffffff) 与「黑幕」(000000)。

| 帧 | 引擎时钟 ms | α | rgb |
|---|---|---|---|
| 2330 | 39876 | 0 | ffffff |
| 2331 | 40063 | 47 | ffffff |
| 2332 | 40140 | 67 | ffffff |
| 2333 | 40257 | 97 | ffffff |
| 2334 | 40302 | 108 | ffffff |
| 2335 | 40362 | 123 | ffffff |
| 2336 | 40440 | 143 | ffffff |
| 2337 | 40533 | 167 | ffffff |
| 2338 | 40600 | 184 | ffffff |
| 2339 | 40675 | 203 | ffffff |
| 2340 | 40748 | 222 | ffffff |
| 2341 | 40822 | 241 | ffffff |
| 2342 | 40885 | 255 | ffffff |
| 2475 | 42618 | 229 | ffffff |
| 2478 | 42630 | 228 | ffffff |
| 2479 | 42639 | 227 | ffffff |
| 2480 | 42647 | 226 | ffffff |
| 2481 | 42655 | 225 | ffffff |
| 2482 | 42664 | 224 | ffffff |
| 2483 | 42682 | 221 | ffffff |
| 2484 | 42689 | 220 | ffffff |
| 2485 | 42697 | 219 | ffffff |
| 2486 | 42705 | 218 | ffffff |
| 2487 | 42714 | 217 | ffffff |
| 2488 | 42722 | 216 | ffffff |
| 2489 | 42730 | 215 | ffffff |
| 2490 | 42739 | 214 | ffffff |
| 2491 | 42747 | 213 | ffffff |
| 2492 | 42755 | 212 | ffffff |
| 2493 | 42764 | 211 | ffffff |
| 2494 | 42772 | 210 | ffffff |
| 2495 | 42780 | 209 | ffffff |
| 2496 | 42789 | 208 | ffffff |
| 2497 | 42797 | 207 | ffffff |
| 2498 | 42805 | 206 | ffffff |
| 2499 | 42814 | 204 | ffffff |
| 2500 | 42822 | 203 | ffffff |
| 2501 | 42830 | 202 | ffffff |
| 2502 | 42840 | 201 | ffffff |
| 2503 | 42847 | 200 | ffffff |
| 2504 | 42856 | 199 | ffffff |
| 2505 | 42864 | 198 | ffffff |
| 2506 | 42872 | 197 | ffffff |
| 2507 | 42881 | 196 | ffffff |
| 2508 | 42889 | 195 | ffffff |
| 2509 | 42897 | 194 | ffffff |
| 2510 | 42906 | 193 | ffffff |
| 2511 | 42914 | 192 | ffffff |
| 2512 | 42922 | 191 | fefefe |
| 2513 | 42931 | 190 | ffffff |
| 2514 | 42939 | 189 | ffffff |
| 2515 | 42948 | 187 | fefefe |
| 2516 | 42956 | 186 | ffffff |
| 2517 | 42964 | 185 | ffffff |
| 2518 | 42973 | 184 | ffffff |
| 2519 | 42981 | 183 | fefefe |
| 2520 | 42989 | 182 | ffffff |
| 2521 | 42997 | 181 | ffffff |
| 2522 | 43006 | 180 | fefefe |
| 2523 | 43014 | 179 | ffffff |
| 2524 | 43023 | 178 | ffffff |
| 2525 | 43031 | 177 | ffffff |
| 2526 | 43041 | 176 | ffffff |
| 2527 | 43048 | 175 | ffffff |
| 2528 | 43056 | 174 | ffffff |
| 2529 | 43064 | 173 | ffffff |
| 2530 | 43072 | 171 | ffffff |
| 2531 | 43081 | 170 | ffffff |
| 2532 | 43089 | 169 | ffffff |
| 2533 | 43098 | 168 | ffffff |
| 2534 | 43106 | 167 | ffffff |
| 2535 | 43114 | 166 | ffffff |
| 2536 | 43123 | 165 | ffffff |
| 2537 | 43131 | 164 | ffffff |
| 2538 | 43139 | 163 | ffffff |
| 2539 | 43148 | 162 | ffffff |
| 2540 | 43156 | 161 | ffffff |
| 2541 | 43164 | 160 | ffffff |
| 2542 | 43173 | 159 | ffffff |
| 2543 | 43181 | 158 | ffffff |
| 2544 | 43189 | 157 | ffffff |
| 2545 | 43198 | 156 | fefefe |
| 2546 | 43206 | 154 | ffffff |
| 2547 | 43214 | 153 | ffffff |
| 2548 | 43223 | 152 | ffffff |
| 2549 | 43231 | 151 | ffffff |
| 2550 | 43239 | 150 | fefefe |
| 2551 | 43248 | 149 | ffffff |
| 2552 | 43256 | 148 | ffffff |
| 2553 | 43264 | 147 | ffffff |
| 2554 | 43273 | 146 | ffffff |
| 2555 | 43281 | 145 | ffffff |
| 2556 | 43289 | 144 | ffffff |
| 2557 | 43298 | 143 | ffffff |
| 2558 | 43306 | 142 | fefefe |
| 2559 | 43314 | 141 | ffffff |
| 2560 | 43323 | 140 | ffffff |
| 2561 | 43331 | 138 | ffffff |
| 2562 | 43340 | 137 | ffffff |
| 2563 | 43348 | 136 | ffffff |
| 2564 | 43356 | 135 | ffffff |
| 2565 | 43365 | 134 | ffffff |
| 2566 | 43373 | 133 | ffffff |
| 2567 | 43381 | 132 | ffffff |
| 2568 | 43396 | 130 | ffffff |
| 2570 | 43407 | 129 | ffffff |
| 2571 | 43415 | 128 | ffffff |
| 2572 | 43423 | 127 | ffffff |
| 2573 | 43431 | 126 | ffffff |
| 2574 | 43440 | 125 | ffffff |
| 2575 | 43448 | 124 | ffffff |
| 2576 | 43457 | 123 | ffffff |
| 2577 | 43465 | 121 | ffffff |
| 2578 | 43473 | 120 | ffffff |
| 2579 | 43482 | 119 | ffffff |
| 2580 | 43495 | 118 | ffffff |
| 2581 | 43498 | 117 | ffffff |
| 2582 | 43507 | 116 | ffffff |
| 2583 | 43515 | 115 | ffffff |
| 2584 | 43523 | 114 | ffffff |
| 2585 | 43532 | 113 | ffffff |
| 2586 | 43540 | 112 | ffffff |
| 2587 | 43548 | 111 | ffffff |
| 2588 | 43557 | 110 | ffffff |
| 2589 | 43565 | 109 | ffffff |
| 2590 | 43573 | 108 | ffffff |
| 2591 | 43582 | 107 | ffffff |
| 2592 | 43590 | 106 | ffffff |
| 2593 | 43609 | 103 | ffffff |
| 2594 | 43615 | 102 | ffffff |
| 2595 | 43623 | 101 | ffffff |
| 2596 | 43632 | 100 | ffffff |
| 2597 | 43640 | 99 | ffffff |
| 2598 | 43648 | 98 | ffffff |
| 2599 | 43657 | 97 | ffffff |
| 2600 | 43665 | 96 | ffffff |
| 2601 | 43674 | 95 | ffffff |
| 2602 | 43683 | 94 | ffffff |
| 2603 | 43690 | 93 | ffffff |
| 2604 | 43699 | 92 | ffffff |
| 2605 | 43707 | 91 | ffffff |
| 2606 | 43715 | 90 | ffffff |
| 2607 | 43724 | 88 | ffffff |
| 2608 | 43749 | 85 | ffffff |
| 2609 | 43757 | 84 | ffffff |
| 2610 | 43765 | 83 | ffffff |
| 2611 | 43774 | 82 | ffffff |
| 2612 | 43782 | 81 | ffffff |
| 2613 | 43790 | 80 | ffffff |
| 2614 | 43799 | 79 | ffffff |
| 2615 | 43807 | 78 | ffffff |
| 2616 | 43815 | 77 | ffffff |
| 2617 | 43824 | 76 | ffffff |
| 2618 | 43832 | 75 | ffffff |
| 2619 | 43840 | 74 | ffffff |
| 2620 | 43849 | 72 | ffffff |
| 2621 | 43858 | 71 | ffffff |
| 2622 | 43866 | 70 | ffffff |
| 2623 | 43874 | 69 | ffffff |
| 2624 | 43882 | 68 | ffffff |
| 2625 | 43901 | 66 | ffffff |
| 2626 | 43907 | 65 | ffffff |
| 2627 | 43916 | 64 | ffffff |
| 2628 | 43925 | 63 | ffffff |
| 2629 | 43932 | 62 | ffffff |
| 2630 | 43941 | 61 | ffffff |
| 2631 | 43949 | 60 | ffffff |
| 2632 | 43957 | 59 | ffffff |
| 2633 | 43966 | 58 | ffffff |
| 2634 | 43974 | 57 | ffffff |
| 2635 | 43982 | 55 | ffffff |
| 2636 | 43991 | 54 | ffffff |
| 2637 | 43999 | 53 | ffffff |
| 2638 | 44007 | 52 | ffffff |
| 2639 | 44016 | 51 | ffffff |
| 2640 | 44024 | 50 | ffffff |
| 2641 | 44033 | 49 | ffffff |
| 2642 | 44041 | 48 | ffffff |
| 2643 | 44049 | 47 | ffffff |
| 2644 | 44058 | 46 | ffffff |
| 2645 | 44066 | 45 | ffffff |
| 2646 | 44074 | 44 | ffffff |
| 2647 | 44082 | 43 | ffffff |
| 2648 | 44091 | 42 | ffffff |
| 2649 | 44099 | 41 | ffffff |
| 2650 | 44125 | 37 | ffffff |
| 2651 | 44133 | 36 | ffffff |
| 2652 | 44141 | 35 | ffffff |
| 2653 | 44149 | 34 | ffffff |
| 2654 | 44158 | 33 | ffffff |
| 2655 | 44166 | 32 | ffffff |
| 2656 | 44174 | 31 | ffffff |
| 2657 | 44183 | 30 | ffffff |
| 2658 | 44203 | 27 | ffffff |
| 2660 | 44216 | 26 | ffffff |
| 2661 | 44224 | 25 | ffffff |
| 2662 | 44233 | 24 | ffffff |
| 2663 | 44241 | 22 | ffffff |
| 2664 | 44249 | 21 | ffffff |
| 2665 | 44258 | 20 | ffffff |
| 2666 | 44266 | 19 | ffffff |
| 2667 | 44274 | 18 | ffffff |
| 2668 | 44283 | 17 | ffffff |
| 2669 | 44291 | 16 | ffffff |
| 2670 | 44299 | 15 | ffffff |
| 2671 | 44308 | 14 | ffffff |
| 2672 | 44316 | 13 | ffffff |
| 2673 | 44325 | 12 | ffffff |
| 2674 | 44333 | 11 | ffffff |
| 2675 | 44341 | 10 | ffffff |
| 2676 | 44349 | 9 | ffffff |
| 2677 | 44358 | 8 | ffffff |
| 2678 | 44366 | 6 | ffffff |
| 2679 | 44375 | 5 | ffffff |
| 2680 | 44383 | 4 | ffffff |
| 2681 | 44391 | 3 | ffffff |
| 2682 | 44400 | 2 | ffffff |
| 2683 | 44408 | 1 | ffffff |
| 2684 | 44416 | 0 | ffffff |
| 3125 | 50484 | 0 | 000000 |
| 3127 | 50500 | 1 | 000000 |
| 3128 | 50509 | 2 | 000000 |
| 3130 | 50525 | 3 | 000000 |
| 3131 | 50534 | 4 | 000000 |
| 3133 | 50550 | 5 | 000000 |
| 3134 | 50559 | 6 | 000000 |
| 3135 | 50567 | 7 | 000000 |
| 3137 | 50584 | 8 | 000000 |
| 3138 | 50592 | 9 | 000000 |
| 3140 | 50609 | 10 | 000000 |
| 3141 | 50617 | 11 | 000000 |
| 3142 | 50626 | 12 | 000000 |
| 3144 | 50642 | 13 | 000000 |
| 3145 | 50651 | 14 | 000000 |
| 3147 | 50668 | 15 | 000000 |
| 3148 | 50676 | 16 | 000000 |
| 3149 | 50684 | 17 | 000000 |
| 3151 | 50701 | 18 | 000000 |
| 3152 | 50709 | 19 | 000000 |
| 3154 | 50726 | 20 | 000000 |
| 3155 | 50734 | 21 | 000000 |
| 3157 | 50751 | 22 | 000000 |
| 3158 | 50759 | 23 | 000000 |
| 3159 | 50768 | 24 | 000000 |
| 3161 | 50784 | 25 | 000000 |
| 3162 | 50793 | 26 | 000000 |
| 3164 | 50809 | 27 | 000000 |
| 3165 | 50818 | 28 | 000000 |
| 3166 | 50826 | 29 | 000000 |
| 3168 | 50843 | 30 | 000000 |
| 3169 | 50851 | 31 | 000000 |
| 3171 | 50868 | 32 | 000000 |
| 3172 | 50876 | 33 | 000000 |
| 3173 | 50885 | 34 | 000000 |
| 3175 | 50901 | 35 | 000000 |
| 3176 | 50909 | 36 | 000000 |
| 3178 | 50926 | 37 | 000000 |
| 3179 | 50934 | 38 | 000000 |
| 3180 | 50943 | 39 | 000000 |
| 3182 | 50959 | 40 | 000000 |
| 3183 | 50968 | 41 | 000000 |
| 3185 | 50985 | 42 | 000000 |
| 3186 | 50993 | 43 | 000000 |
| 3188 | 51010 | 44 | 000000 |
| 3189 | 51018 | 45 | 000000 |
| 3190 | 51026 | 46 | 000000 |
| 3192 | 51043 | 47 | 000000 |
| 3193 | 51051 | 48 | 000000 |
| 3195 | 51068 | 49 | 000000 |
| 3196 | 51076 | 50 | 000000 |
| 3197 | 51085 | 51 | 000000 |
| 3199 | 51101 | 52 | 000000 |
| 3200 | 51110 | 53 | 000000 |
| 3202 | 51127 | 54 | 000000 |
| 3203 | 51135 | 55 | 000000 |
| 3204 | 51143 | 56 | 000000 |
| 3206 | 51160 | 57 | 000000 |
| 3207 | 51168 | 58 | 000000 |
| 3209 | 51185 | 59 | 000000 |
| 3210 | 51193 | 60 | 000000 |
| 3211 | 51201 | 61 | 000000 |
| 3213 | 51218 | 62 | 000000 |
| 3214 | 51227 | 63 | 000000 |
| 3216 | 51243 | 64 | 000000 |
| 3217 | 51252 | 65 | 000000 |
| 3219 | 51268 | 66 | 000000 |
| 3220 | 51277 | 67 | 000000 |
| 3221 | 51285 | 68 | 000000 |
| 3223 | 51302 | 69 | 000000 |
| 3224 | 51310 | 70 | 000000 |
| 3226 | 51327 | 71 | 000000 |
| 3227 | 51335 | 72 | 000000 |
| 3228 | 51343 | 73 | 000000 |
| 3230 | 51360 | 74 | 000000 |
| 3231 | 51369 | 75 | 000000 |
| 3233 | 51385 | 76 | 000000 |
| 3234 | 51394 | 77 | 000000 |
| 3235 | 51402 | 78 | 000000 |
| 3237 | 51419 | 79 | 000000 |
| 3238 | 51427 | 80 | 000000 |
| 3240 | 51444 | 81 | 000000 |
| 3241 | 51452 | 82 | 000000 |
| 3242 | 51460 | 83 | 000000 |
| 3244 | 51477 | 84 | 000000 |
| 3245 | 51485 | 85 | 000000 |
| 3247 | 51502 | 86 | 000000 |
| 3248 | 51510 | 87 | 000000 |
| 3250 | 51527 | 88 | 000000 |
| 3251 | 51535 | 89 | 000000 |
| 3252 | 51544 | 90 | 000000 |
| 3254 | 51560 | 91 | 000000 |
| 3255 | 51569 | 92 | 000000 |
| 3257 | 51585 | 93 | 000000 |
| 3258 | 51594 | 94 | 000000 |
| 3259 | 51602 | 95 | 000000 |
| 3261 | 51619 | 96 | 000000 |
| 3262 | 51627 | 97 | 000000 |
| 3264 | 51644 | 98 | 000000 |
| 3265 | 51652 | 99 | 000000 |
| 3266 | 51661 | 100 | 000000 |
| 3268 | 51677 | 101 | 000000 |
| 3269 | 51686 | 102 | 000000 |
| 3271 | 51702 | 103 | 000000 |
| 3272 | 51711 | 104 | 000000 |
| 3273 | 51719 | 105 | 000000 |
| 3275 | 51736 | 106 | 000000 |
| 3276 | 51744 | 107 | 000000 |
| 3278 | 51761 | 108 | 000000 |
| 3279 | 51769 | 109 | 000000 |
| 3281 | 51786 | 110 | 000000 |
| 3282 | 51794 | 111 | 000000 |
| 3283 | 51803 | 112 | 000000 |
| 3285 | 51819 | 113 | 000000 |
| 3286 | 51828 | 114 | 000000 |
| 3288 | 51844 | 115 | 000000 |
| 3289 | 51852 | 116 | 000000 |
| 3290 | 51861 | 117 | 000000 |
| 3292 | 51877 | 118 | 000000 |
| 3293 | 51886 | 119 | 000000 |
| 3295 | 51903 | 120 | 000000 |
| 3296 | 51911 | 121 | 000000 |
| 3297 | 51919 | 122 | 000000 |
| 3299 | 51936 | 123 | 000000 |
| 3300 | 51944 | 124 | 000000 |
| 3302 | 51961 | 125 | 000000 |
| 3303 | 51969 | 126 | 000000 |
| 3305 | 51986 | 127 | 000000 |
| 3306 | 51994 | 128 | 000000 |
| 3307 | 52003 | 129 | 000000 |
| 3309 | 52019 | 130 | 000000 |
| 3310 | 52028 | 131 | 000000 |
| 3312 | 52045 | 132 | 000000 |
| 3313 | 52053 | 133 | 000000 |
| 3314 | 52061 | 134 | 000000 |
| 3316 | 52078 | 135 | 000000 |
| 3317 | 52086 | 136 | 000000 |
| 3318 | 52096 | 137 | 000000 |
| 3320 | 52111 | 138 | 000000 |
| 3321 | 52120 | 139 | 000000 |
| 3323 | 52136 | 140 | 000000 |
| 3324 | 52145 | 141 | 000000 |
| 3326 | 52161 | 142 | 000000 |
| 3327 | 52170 | 143 | 000000 |
| 3328 | 52178 | 144 | 000000 |
| 3330 | 52195 | 145 | 000000 |
| 3331 | 52203 | 146 | 000000 |
| 3333 | 52220 | 147 | 000000 |
| 3334 | 52228 | 148 | 000000 |
| 3336 | 52245 | 149 | 000000 |
| 3337 | 52253 | 150 | 000000 |
| 3338 | 52262 | 151 | 000000 |
| 3340 | 52278 | 152 | 000000 |
| 3341 | 52291 | 153 | 000000 |
| 3343 | 52303 | 154 | 000000 |
| 3344 | 52312 | 155 | 000000 |
| 3345 | 52321 | 156 | 000000 |
| 3347 | 52337 | 157 | 000000 |
| 3348 | 52345 | 158 | 000000 |
| 3350 | 52362 | 159 | 000000 |
| 3351 | 52370 | 160 | 000000 |
| 3352 | 52379 | 161 | 000000 |
| 3354 | 52395 | 162 | 000000 |
| 3355 | 52404 | 163 | 000000 |
| 3357 | 52420 | 164 | 000000 |
| 3358 | 52428 | 165 | 000000 |
| 3359 | 52437 | 166 | 000000 |
| 3361 | 52453 | 167 | 000000 |
| 3362 | 52462 | 168 | 000000 |
| 3364 | 52478 | 169 | 000000 |
| 3365 | 52487 | 170 | 000000 |
| 3367 | 52503 | 171 | 000000 |
| 3368 | 52512 | 172 | 000000 |
| 3369 | 52520 | 173 | 000000 |
| 3371 | 52537 | 174 | 000000 |
| 3372 | 52545 | 175 | 000000 |
| 3374 | 52562 | 176 | 000000 |
| 3375 | 52570 | 177 | 000000 |
| 3376 | 52579 | 178 | 000000 |
| 3378 | 52595 | 179 | 000000 |
| 3379 | 52604 | 180 | 000000 |
| 3381 | 52620 | 181 | 000000 |
| 3382 | 52629 | 182 | 000000 |
| 3383 | 52637 | 183 | 000000 |
| 3385 | 52654 | 184 | 000000 |
| 3386 | 52662 | 185 | 000000 |
| 3388 | 52679 | 186 | 000000 |
| 3389 | 52687 | 187 | 000000 |
| 3390 | 52696 | 188 | 000000 |
| 3392 | 52712 | 189 | 000000 |
| 3393 | 52721 | 190 | 000000 |
| 3395 | 52737 | 191 | 000000 |
| 3396 | 52746 | 192 | 000000 |
| 3398 | 52762 | 193 | 000000 |
| 3399 | 52771 | 194 | 000000 |
| 3400 | 52779 | 195 | 000000 |
| 3402 | 52796 | 196 | 000000 |
| 3403 | 52804 | 197 | 000000 |
| 3405 | 52821 | 198 | 000000 |
| 3406 | 52829 | 199 | 000000 |
| 3407 | 52837 | 200 | 000000 |
| 3409 | 52854 | 201 | 000000 |
| 3410 | 52862 | 202 | 000000 |
| 3412 | 52879 | 203 | 000000 |
| 3413 | 52887 | 204 | 000000 |
| 3414 | 52896 | 205 | 000000 |
| 3416 | 52913 | 206 | 000000 |
| 3417 | 52922 | 207 | 000000 |
| 3419 | 52938 | 208 | 000000 |
| 3420 | 52946 | 209 | 000000 |
| 3422 | 52963 | 210 | 000000 |
| 3423 | 52971 | 211 | 000000 |
| 3424 | 52980 | 212 | 000000 |
| 3426 | 52996 | 213 | 000000 |
| 3427 | 53004 | 214 | 000000 |
| 3429 | 53021 | 215 | 000000 |
| 3430 | 53029 | 216 | 000000 |
| 3431 | 53038 | 217 | 000000 |
| 3433 | 53054 | 218 | 000000 |
| 3434 | 53063 | 219 | 000000 |
| 3436 | 53079 | 220 | 000000 |
| 3437 | 53121 | 224 | 000000 |
| 3439 | 53138 | 225 | 000000 |
| 3440 | 53146 | 226 | 000000 |
| 3441 | 53155 | 227 | 000000 |
| 3443 | 53171 | 228 | 000000 |
| 3444 | 53180 | 229 | 000000 |
| 3446 | 53196 | 230 | 000000 |
| 3447 | 53205 | 231 | 000000 |
| 3449 | 53221 | 232 | 000000 |
| 3450 | 53230 | 233 | 000000 |
| 3451 | 53238 | 234 | 000000 |
| 3453 | 53255 | 235 | 000000 |
| 3454 | 53263 | 236 | 000000 |
| 3456 | 53280 | 237 | 000000 |
| 3457 | 53288 | 238 | 000000 |
| 3458 | 53296 | 239 | 000000 |
| 3460 | 53313 | 240 | 000000 |
| 3461 | 53321 | 241 | 000000 |
| 3463 | 53338 | 242 | 000000 |
| 3464 | 53346 | 243 | 000000 |
| 3465 | 53355 | 244 | 000000 |
| 3467 | 53372 | 245 | 000000 |
| 3468 | 53380 | 246 | 000000 |
| 3470 | 53396 | 247 | 000000 |
| 3471 | 53405 | 248 | 000000 |
| 3472 | 53413 | 249 | 000000 |
| 3474 | 53430 | 250 | 000000 |
| 3475 | 53438 | 251 | 000000 |
| 3477 | 53455 | 252 | 000000 |
| 3478 | 53463 | 253 | 000000 |
| 3480 | 53480 | 254 | 000000 |
| 3481 | 53488 | 255 | 000000 |
| 3846 | 56586 | 248 | 000000 |
| 3847 | 56600 | 247 | 000000 |
| 3849 | 56601 | 246 | 000000 |
| 3851 | 56618 | 245 | 000000 |
| 3852 | 56626 | 244 | 000000 |
| 3853 | 56635 | 243 | 000000 |
| 3854 | 56643 | 242 | 000000 |
| 3855 | 56651 | 241 | 000000 |
| 3856 | 56660 | 240 | 000000 |
| 3857 | 56668 | 239 | 000000 |
| 3859 | 56685 | 238 | 000000 |
| 3860 | 56693 | 237 | 000000 |
| 3861 | 56702 | 236 | 000000 |
| 3862 | 56710 | 235 | 000000 |
| 3863 | 56718 | 234 | 000000 |
| 3864 | 56727 | 233 | 000000 |
| 3865 | 56735 | 232 | 000000 |
| 3866 | 56743 | 231 | 000000 |
| 3868 | 56760 | 230 | 000000 |
| 3869 | 56768 | 229 | 000000 |
| 3870 | 56777 | 228 | 000000 |
| 3871 | 56785 | 227 | 000000 |
| 3872 | 56793 | 226 | 000000 |
| 3873 | 56802 | 225 | 000000 |
| 3874 | 56810 | 224 | 000000 |
| 3875 | 56818 | 223 | 000000 |
| 3877 | 56835 | 222 | 000000 |
| 3878 | 56843 | 221 | 000000 |
| 3879 | 56852 | 220 | 000000 |
| 3880 | 56860 | 219 | 000000 |
| 3881 | 56868 | 218 | 000000 |
| 3882 | 56877 | 217 | 000000 |
| 3883 | 56885 | 216 | 000000 |
| 3884 | 56894 | 215 | 000000 |
| 3886 | 56910 | 214 | 000000 |
| 3887 | 56925 | 212 | 000000 |
| 3889 | 56935 | 211 | 000000 |
| 3890 | 56944 | 210 | 000000 |
| 3891 | 56952 | 209 | 000000 |
| 3892 | 56960 | 208 | 000000 |
| 3893 | 56969 | 207 | 000000 |
| 3895 | 56985 | 206 | 000000 |
| 3896 | 56994 | 205 | 000000 |
| 3897 | 57002 | 204 | 000000 |
| 3898 | 57010 | 203 | 000000 |
| 3899 | 57019 | 202 | 000000 |
| 3900 | 57027 | 201 | 000000 |
| 3901 | 57035 | 200 | 000000 |
| 3903 | 57053 | 199 | 000000 |
| 3904 | 57061 | 198 | 000000 |
| 3905 | 57069 | 197 | 000000 |
| 3906 | 57077 | 196 | 000000 |
| 3907 | 57085 | 195 | 000000 |
| 3908 | 57094 | 194 | 000000 |
| 3909 | 57102 | 193 | 000000 |
| 3910 | 57110 | 192 | 000000 |
| 3912 | 57127 | 191 | 000000 |
| 3913 | 57136 | 190 | 000000 |
| 3914 | 57144 | 189 | 000000 |
| 3915 | 57152 | 188 | 000000 |
| 3916 | 57161 | 187 | 000000 |
| 3917 | 57169 | 186 | 000000 |
| 3918 | 57178 | 185 | 000000 |
| 3919 | 57186 | 184 | 000000 |
| 3921 | 57203 | 183 | 000000 |
| 3922 | 57211 | 182 | 000000 |
| 3923 | 57219 | 181 | 000000 |
| 3924 | 57227 | 180 | 000000 |
| 3925 | 57236 | 179 | 000000 |
| 3926 | 57244 | 178 | 000000 |
| 3927 | 57252 | 177 | 000000 |
| 3928 | 57261 | 176 | 000000 |
| 3930 | 57277 | 175 | 000000 |
| 3931 | 57286 | 174 | 000000 |
| 3932 | 57294 | 173 | 000000 |
| 3933 | 57302 | 172 | 000000 |
| 3934 | 57311 | 171 | 000000 |
| 3935 | 57319 | 170 | 000000 |
| 3936 | 57328 | 169 | 000000 |
| 3937 | 57336 | 168 | 000000 |
| 3939 | 57353 | 167 | 000000 |
| 3940 | 57361 | 166 | 000000 |
| 3941 | 57369 | 165 | 000000 |
| 3942 | 57378 | 164 | 000000 |
| 3943 | 57386 | 163 | 000000 |
| 3944 | 57394 | 162 | 000000 |
| 3945 | 57403 | 161 | 000000 |
| 3946 | 57411 | 160 | 000000 |
| 3948 | 57428 | 159 | 000000 |
| 3949 | 57436 | 158 | 000000 |
| 3950 | 57444 | 157 | 000000 |
| 3951 | 57453 | 156 | 000000 |
| 3952 | 57461 | 155 | 000000 |
| 3953 | 57469 | 154 | 000000 |
| 3954 | 57478 | 153 | 000000 |
| 3956 | 57494 | 152 | 000000 |
| 3957 | 57503 | 151 | 000000 |
| 3958 | 57511 | 150 | 000000 |
| 3959 | 57519 | 149 | 000000 |
| 3960 | 57528 | 148 | 000000 |
| 3961 | 57536 | 147 | 000000 |
| 3962 | 57544 | 146 | 000000 |
| 3963 | 57553 | 145 | 000000 |
| 3965 | 57569 | 144 | 000000 |
| 3966 | 57578 | 143 | 000000 |
| 3967 | 57586 | 142 | 000000 |
| 3968 | 57595 | 141 | 000000 |
| 3969 | 57603 | 140 | 000000 |
| 3970 | 57611 | 139 | 000000 |
| 3971 | 57620 | 138 | 000000 |
| 3972 | 57628 | 137 | 000000 |
| 3974 | 57645 | 136 | 000000 |
| 3975 | 57653 | 135 | 000000 |
| 3976 | 57661 | 134 | 000000 |
| 3977 | 57670 | 133 | 000000 |
| 3978 | 57678 | 132 | 000000 |
| 3979 | 57686 | 131 | 000000 |
| 3980 | 57695 | 130 | 000000 |
| 3981 | 57703 | 129 | 000000 |
| 3983 | 57720 | 128 | 000000 |
| 3984 | 57728 | 127 | 000000 |
| 3985 | 57736 | 126 | 000000 |
| 3986 | 57745 | 125 | 000000 |
| 3987 | 57753 | 124 | 000000 |
| 3988 | 57761 | 123 | 000000 |
| 3989 | 57770 | 122 | 000000 |
| 3990 | 57778 | 121 | 000000 |
| 3992 | 57795 | 120 | 000000 |
| 3993 | 57803 | 119 | 000000 |
| 3994 | 57811 | 118 | 000000 |
| 3995 | 57820 | 117 | 000000 |
| 3996 | 57828 | 116 | 000000 |
| 3997 | 57836 | 115 | 000000 |
| 3998 | 57845 | 114 | 000000 |
| 3999 | 57853 | 113 | 000000 |
| 4001 | 57870 | 112 | 000000 |
| 4002 | 57878 | 111 | 000000 |
| 4003 | 57887 | 110 | 000000 |
| 4004 | 57895 | 109 | 000000 |
| 4005 | 57903 | 108 | 000000 |
| 4006 | 57912 | 107 | 000000 |
| 4007 | 57920 | 106 | 000000 |
| 4009 | 57937 | 105 | 000000 |
| 4010 | 57945 | 104 | 000000 |
| 4011 | 57953 | 103 | 000000 |
| 4012 | 57962 | 102 | 000000 |
| 4013 | 57970 | 101 | 000000 |
| 4014 | 57978 | 100 | 000000 |
| 4015 | 57987 | 99 | 000000 |
| 4016 | 57995 | 98 | 000000 |
| 4018 | 58012 | 97 | 000000 |
| 4019 | 58020 | 96 | 000000 |
| 4020 | 58029 | 95 | 000000 |
| 4021 | 58037 | 94 | 000000 |
| 4022 | 58045 | 93 | 000000 |
| 4023 | 58054 | 92 | 000000 |
| 4024 | 58062 | 91 | 000000 |
| 4025 | 58070 | 90 | 000000 |
| 4027 | 58087 | 89 | 000000 |
| 4028 | 58096 | 88 | 000000 |
| 4029 | 58104 | 87 | 000000 |
| 4030 | 58118 | 85 | 000000 |
| 4032 | 58129 | 84 | 000000 |
| 4033 | 58137 | 83 | 000000 |
| 4034 | 58145 | 82 | 000000 |
| 4036 | 58162 | 81 | 000000 |
| 4037 | 58170 | 80 | 000000 |
| 4038 | 58179 | 79 | 000000 |
| 4039 | 58187 | 78 | 000000 |
| 4040 | 58195 | 77 | 000000 |
| 4041 | 58204 | 76 | 000000 |
| 4042 | 58212 | 75 | 000000 |
| 4043 | 58220 | 74 | 000000 |
| 4045 | 58237 | 73 | 000000 |
| 4046 | 58251 | 71 | 000000 |
| 4048 | 58262 | 70 | 000000 |
| 4049 | 58270 | 69 | 000000 |
| 4050 | 58279 | 68 | 000000 |
| 4051 | 58287 | 67 | 000000 |
| 4052 | 58296 | 66 | 000000 |
| 4054 | 58312 | 65 | 000000 |
| 4055 | 58321 | 64 | 000000 |
| 4056 | 58329 | 63 | 000000 |
| 4057 | 58337 | 62 | 000000 |
| 4058 | 58346 | 61 | 000000 |
| 4059 | 58354 | 60 | 000000 |
| 4060 | 58362 | 59 | 000000 |
| 4061 | 58371 | 58 | 000000 |
| 4063 | 58387 | 57 | 000000 |
| 4064 | 58396 | 56 | 000000 |
| 4065 | 58404 | 55 | 000000 |
| 4066 | 58412 | 54 | 000000 |
| 4067 | 58421 | 53 | 000000 |
| 4068 | 58429 | 52 | 000000 |
| 4069 | 58437 | 51 | 000000 |
| 4071 | 58454 | 50 | 000000 |
| 4072 | 58463 | 49 | 000000 |
| 4073 | 58471 | 48 | 000000 |
| 4074 | 58479 | 47 | 000000 |
| 4075 | 58488 | 46 | 000000 |
| 4076 | 58496 | 45 | 000000 |
| 4077 | 58504 | 44 | 000000 |
| 4078 | 58518 | 43 | 000000 |
| 4080 | 58529 | 42 | 000000 |
| 4081 | 58538 | 41 | 000000 |
| 4082 | 58546 | 40 | 000000 |
| 4083 | 58554 | 39 | 000000 |
| 4084 | 58563 | 38 | 000000 |
| 4085 | 58571 | 37 | 000000 |
| 4086 | 58579 | 36 | 000000 |
| 4087 | 58588 | 35 | 000000 |
| 4089 | 58604 | 34 | 000000 |
| 4090 | 58613 | 33 | 000000 |
| 4091 | 58621 | 32 | 000000 |
| 4092 | 58629 | 31 | 000000 |
| 4093 | 58638 | 30 | 000000 |
| 4094 | 58646 | 29 | 000000 |
| 4095 | 58655 | 28 | 000000 |
| 4096 | 58663 | 27 | 000000 |
| 4098 | 58680 | 26 | 000000 |
| 4099 | 58688 | 25 | 000000 |
| 4100 | 58696 | 24 | 000000 |
| 4101 | 58705 | 23 | 000000 |
| 4102 | 58713 | 22 | 000000 |
| 4103 | 58757 | 17 | 000000 |
| 4105 | 58771 | 16 | 000000 |
| 4106 | 58780 | 15 | 000000 |
| 4107 | 58788 | 14 | 000000 |
| 4108 | 58796 | 13 | 000000 |
| 4109 | 58805 | 12 | 000000 |
| 4110 | 58813 | 11 | 000000 |
| 4112 | 58835 | 9 | 000000 |
| 4114 | 58847 | 8 | 000000 |
| 4115 | 58855 | 7 | 000000 |
| 4116 | 58863 | 6 | 000000 |
| 4117 | 58872 | 5 | 000000 |
| 4118 | 58880 | 4 | 000000 |
| 4120 | 58897 | 3 | 000000 |
| 4121 | 58905 | 2 | 000000 |
| 4122 | 58913 | 1 | 000000 |
| 4123 | 58921 | 0 | 000000 |
